1 1 13 1 11.750063 1
1 1 792 2 11.212362 1
1 1 1268 3 10.634897 1
1 1 329 4 10.084918 1
1 1 914 5 9.978203 1
2 1 792 1 13.581303 1
2 1 12 2 12.542859 1
2 1 364 3 9.259432 1
2 1 14 4 8.670509 1
2 1 914 5 8.581581 1
3 1 5 1 12.895692 1
3 1 399 2 12.819159 1
3 1 542 3 11.23649 1
3 1 181 4 11.205606 1
3 1 144 5 11.010042 1
4 1 166 1 17.487131 1
4 1 185 2 13.787895 1
4 1 1189 3 12.088695 1
4 1 575 4 11.508837 1
4 1 165 5 11.236128 1
5 1 103 1 9.736876 1
5 1 943 2 9.149472 1
5 1 625 3 8.472647 1
5 1 1296 4 8.435377 1
5 1 1248 5 8.409084 1
6 1 315 1 9.768812 1
6 1 296 2 9.447991 1
6 1 792 3 8.362011 1
6 1 329 4 7.8812375 1
6 1 344 5 7.576191 1
7 1 492 1 31.873583 1
7 1 1040 2 24.385975 1
7 1 56 3 23.310896 1
7 1 124 4 22.1621 1
7 1 1231 5 20.336802 1
8 1 443 1 17.738472 1
8 1 122 2 15.210918 1
8 1 232 3 11.928232 1
8 1 711 4 11.500177 1
8 1 1083 5 10.946179 1
9 1 270 1 10.660381 1
9 1 45 2 10.128648 1
9 1 571 3 8.768429 1
9 1 306 4 8.700645 1
9 1 1204 5 8.366459 1
10 1 1264 1 12.101768 1
10 1 302 2 11.80126 1
10 1 493 3 11.577743 1
10 1 781 4 11.368588 1
10 1 1214 5 9.62329 1
11 1 341 1 12.435027 1
11 1 1356 2 11.097412 1
11 1 667 3 10.174196 1
11 1 2 4 9.845625 1
11 1 472 5 9.757266 1
12 1 624 1 10.015479 1
12 1 792 2 8.373179 1
12 1 798 3 7.9038286 1
12 1 810 4 7.8060293 1
12 1 982 5 7.12361 1
13 1 496 1 13.943169 1
13 1 520 2 10.727862 1
13 1 1268 3 8.031288 1
13 1 903 4 7.169824 1
13 1 1248 5 6.724124 1
14 1 739 1 6.1312957 1
14 1 798 2 5.525021 1
14 1 256 3 5.4495187 1
14 1 170 4 5.421649 1
14 1 1364 5 5.302223 1
15 1 462 1 7.8634825 1
15 1 1097 2 6.551674 1
15 1 1117 3 6.2911744 1
15 1 553 4 6.2101398 1
15 1 1279 5 5.861774 1
16 1 498 1 18.45064 1
16 1 1108 2 11.617915 1
16 1 106 3 11.378747 1
16 1 266 4 11.0603895 1
16 1 499 5 9.8363285 1
17 1 1108 1 16.17822 1
17 1 933 2 13.176403 1
17 1 1281 3 12.404937 1
17 1 499 4 12.07556 1
17 1 700 5 11.678098 1
18 1 927 1 12.937228 1
18 1 498 2 12.653308 1
18 1 56 3 11.522548 1
18 1 248 4 11.49733 1
18 1 124 5 10.975467 1
19 1 344 1 11.037394 1
19 1 927 2 9.315641 1
19 1 186 3 8.318178 1
19 1 1119 4 8.3067255 1
19 1 85 5 7.7269907 1
20 1 500 1 16.396645 1
20 1 270 2 12.812968 1
20 1 123 3 10.073731 1
20 1 458 4 9.710277 1
20 1 88 5 9.37796 1
21 1 502 1 13.477419 1
21 1 343 2 9.06572 1
21 1 187 3 8.509864 1
21 1 628 4 7.268265 1
21 1 947 5 7.267339 1
22 1 185 1 12.774836 1
22 1 80 2 10.529712 1
22 1 413 3 10.443361 1
22 1 962 4 10.418801 1
22 1 1072 5 9.852025 1
23 1 28 1 10.825606 1
23 1 244 2 10.274697 1
23 1 718 3 9.853209 1
23 1 902 4 8.954952 1
23 1 792 5 8.525184 1
24 1 262 1 9.332835 1
24 1 1248 2 7.8078513 1
24 1 1072 3 7.805439 1
24 1 893 4 7.339765 1
24 1 1268 5 7.183855 1
25 1 212 1 14.270039 1
25 1 215 2 12.131067 1
25 1 798 3 12.045415 1
25 1 277 4 11.469983 1
25 1 588 5 11.469624 1
26 1 96 1 17.371553 1
26 1 611 2 17.32793 1
26 1 307 3 16.102669 1
26 1 629 4 14.122236 1
26 1 346 5 13.681814 1
27 1 1031 1 12.491557 1
27 1 512 2 10.092146 1
27 1 677 3 9.987767 1
27 1 1035 4 9.653308 1
27 1 459 5 9.409214 1
28 1 677 1 8.329892 1
28 1 36 2 7.9939194 1
28 1 683 3 7.577739 1
28 1 1342 4 7.3534284 1
28 1 1268 5 7.3420224 1
29 1 792 1 16.606066 1
29 1 513 2 13.228084 1
29 1 211 3 12.687036 1
29 1 222 4 12.633821 1
29 1 464 5 12.579024 1
30 1 683 1 8.9065895 1
30 1 601 2 7.698649 1
30 1 739 3 6.992491 1
30 1 420 4 6.7808785 1
30 1 229 5 6.5175 1
31 1 1268 1 14.224758 1
31 1 1040 2 13.756954 1
31 1 1313 3 13.613286 1
31 1 1082 4 11.777527 1
31 1 229 5 11.699123 1
32 1 752 1 10.962941 1
32 1 1186 2 8.485276 1
32 1 147 3 6.5091405 1
32 1 701 4 6.375308 1
32 1 754 5 6.33874 1
33 1 431 1 15.327136 1
33 1 141 2 14.863329 1
33 1 516 3 13.412596 1
33 1 1000 4 13.296284 1
33 1 371 5 12.983621 1
34 1 516 1 11.8895235 1
34 1 1153 2 11.110759 1
34 1 1350 3 11.0406 1
34 1 230 4 10.189755 1
34 1 799 5 10.023265 1
35 1 1203 1 9.008827 1
35 1 156 2 8.449578 1
35 1 1061 3 8.090219 1
35 1 875 4 7.977814 1
35 1 1208 5 7.4291267 1
36 1 274 1 10.696179 1
36 1 975 2 10.620786 1
36 1 123 3 9.632795 1
36 1 518 4 9.130938 1
36 1 646 5 8.815774 1
37 1 186 1 11.725608 1
37 1 179 2 8.822888 1
37 1 225 3 7.918744 1
37 1 283 4 7.786741 1
37 1 815 5 7.274188 1
38 1 25 1 10.785607 1
38 1 1373 2 10.752406 1
38 1 85 3 9.8781805 1
38 1 433 4 9.278051 1
38 1 536 5 8.371 1
39 1 315 1 11.654412 1
39 1 1268 2 9.010308 1
39 1 798 3 8.131922 1
39 1 1321 4 7.988336 1
39 1 94 5 7.9796734 1
40 1 536 1 7.9350114 1
40 1 1257 2 7.5830865 1
40 1 315 3 7.4258494 1
40 1 17 4 7.203855 1
40 1 37 5 7.1217957 1
41 1 289 1 11.969128 1
41 1 927 2 11.675048 1
41 1 433 3 10.723186 1
41 1 520 4 10.455321 1
41 1 656 5 9.508812 1
42 1 521 1 19.520576 1
42 1 496 2 18.778572 1
42 1 903 3 17.124434 1
42 1 468 4 16.634354 1
42 1 439 5 16.044275 1
43 1 903 1 12.811645 1
43 1 467 2 12.413569 1
43 1 469 3 11.541852 1
43 1 496 4 9.576309 1
43 1 1387 5 9.04764 1
44 1 1199 1 8.848863 1
44 1 1226 2 8.527494 1
44 1 357 3 8.510752 1
44 1 760 4 6.6378016 1
44 1 367 5 6.5258484 1
45 1 525 1 8.709216 1
45 1 305 2 8.278991 1
45 1 540 3 7.808 1
45 1 344 4 7.785646 1
45 1 123 5 7.777558 1
46 1 344 1 10.405847 1
46 1 1366 2 9.684852 1
46 1 353 3 9.464135 1
46 1 123 4 9.177008 1
46 1 623 5 9.081401 1
47 1 525 1 12.321141 1
47 1 25 2 11.945242 1
47 1 310 3 10.31556 1
47 1 329 4 10.271473 1
47 1 1072 5 10.216418 1
48 1 797 1 13.360304 1
48 1 683 2 10.1351 1
48 1 526 3 9.880856 1
48 1 222 4 9.463516 1
48 1 798 5 9.290082 1
49 1 366 1 15.358941 1
49 1 349 2 14.741728 1
49 1 527 3 14.189386 1
49 1 476 4 12.865874 1
49 1 1235 5 11.953118 1
50 1 329 1 13.911282 1
50 1 435 2 12.902314 1
50 1 1259 3 11.350934 1
50 1 1268 4 10.572665 1
50 1 1310 5 10.31427 1
51 1 798 1 11.765121 1
51 1 36 2 11.647634 1
51 1 142 3 11.211752 1
51 1 435 4 11.014093 1
51 1 261 5 10.655928 1
52 1 792 1 11.675521 1
52 1 96 2 11.621349 1
52 1 1215 3 10.409522 1
52 1 36 4 10.29226 1
52 1 306 5 9.723626 1
53 1 625 1 13.883177 1
53 1 208 2 11.827032 1
53 1 456 3 11.799799 1
53 1 1253 4 11.652899 1
53 1 329 5 11.399016 1
54 1 123 1 22.732763 1
54 1 364 2 19.292692 1
54 1 84 3 18.218624 1
54 1 365 4 16.561611 1
54 1 1300 5 16.454435 1
55 1 17 1 15.088798 1
55 1 798 2 14.623173 1
55 1 792 3 13.325744 1
55 1 406 4 12.673128 1
55 1 377 5 12.408989 1
56 1 753 1 15.4991865 1
56 1 783 2 13.213296 1
56 1 14 3 13.074614 1
56 1 798 4 11.836179 1
56 1 792 5 10.977065 1
57 1 1268 1 8.851288 1
57 1 380 2 7.996843 1
57 1 42 3 7.9102335 1
57 1 1149 4 7.9072123 1
57 1 916 5 7.585488 1
58 1 788 1 14.589733 1
58 1 270 2 13.662515 1
58 1 1375 3 12.402586 1
58 1 785 4 10.939008 1
58 1 873 5 10.836056 1
59 1 292 1 13.504363 1
59 1 1268 2 10.750283 1
59 1 458 3 9.435199 1
59 1 610 4 9.311721 1
59 1 646 5 8.365922 1
60 1 321 1 18.676088 1
60 1 322 2 16.202702 1
60 1 1235 3 14.123374 1
60 1 499 4 14.063842 1
60 1 527 5 13.704482 1
61 1 566 1 10.412858 1
61 1 539 2 9.999675 1
61 1 435 3 9.742832 1
61 1 944 4 8.723631 1
61 1 122 5 8.610354 1
62 1 1268 1 22.628815 1
62 1 452 2 19.307142 1
62 1 459 3 17.004044 1
62 1 255 4 16.624403 1
62 1 105 5 16.55959 1
63 1 798 1 10.6002865 1
63 1 196 2 7.771099 1
63 1 287 3 7.696037 1
63 1 782 4 7.5996737 1
63 1 1119 5 7.1512556 1
64 1 1225 1 18.182522 1
64 1 730 2 16.867645 1
64 1 1204 3 16.465082 1
64 1 42 4 12.840605 1
64 1 206 5 11.628953 1
65 1 388 1 12.951236 1
65 1 1370 2 12.531134 1
65 1 165 3 12.425098 1
65 1 977 4 11.883704 1
65 1 3 5 11.05948 1
66 1 128 1 17.981712 1
66 1 329 2 16.12153 1
66 1 366 3 14.983459 1
66 1 576 4 14.635079 1
66 1 375 5 14.005991 1
67 1 560 1 13.211288 1
67 1 72 2 13.102912 1
67 1 9 3 12.407104 1
67 1 2 4 11.900953 1
67 1 306 5 11.501499 1
68 1 441 1 7.8848495 1
68 1 433 2 7.7656517 1
68 1 42 3 7.443787 1
68 1 1248 4 7.321171 1
68 1 985 5 7.3179307 1
69 1 14 1 10.21942 1
69 1 292 2 8.087156 1
69 1 1248 3 7.7437844 1
69 1 458 4 7.626259 1
69 1 1268 5 7.589573 1
70 1 540 1 11.722958 1
70 1 62 2 8.876331 1
70 1 300 3 8.72312 1
70 1 349 4 8.690163 1
70 1 180 5 7.912716 1
71 1 572 1 9.136202 1
71 1 25 2 8.962303 1
71 1 305 3 7.600125 1
71 1 573 4 7.574992 1
71 1 540 5 7.55201 1
72 1 315 1 17.739841 1
72 1 1313 2 15.199393 1
72 1 416 3 14.466145 1
72 1 193 4 14.368445 1
72 1 799 5 14.220807 1
73 1 332 1 19.881584 1
73 1 401 2 16.04792 1
73 1 625 3 15.4062195 1
73 1 42 4 15.303889 1
73 1 329 5 13.879628 1
74 1 364 1 14.740744 1
74 1 576 2 14.568958 1
74 1 1153 3 12.744771 1
74 1 68 4 11.185277 1
74 1 26 5 10.429567 1
75 1 73 1 12.4964695 1
75 1 306 2 11.0943575 1
75 1 50 3 11.0688715 1
75 1 645 4 10.787461 1
75 1 630 5 10.50847 1
76 1 1391 1 11.7339325 1
76 1 25 2 10.986953 1
76 1 798 3 10.956997 1
76 1 401 4 10.747466 1
76 1 677 5 10.546701 1
77 1 329 1 20.354994 1
77 1 315 2 14.926144 1
77 1 667 3 13.815969 1
77 1 572 4 12.177081 1
77 1 1391 5 11.617484 1
78 1 589 1 11.356681 1
78 1 578 2 8.050357 1
78 1 591 3 7.161658 1
78 1 138 4 5.7576294 1
78 1 216 5 5.752345 1
79 1 199 1 14.433408 1
79 1 544 2 12.673537 1
79 1 927 3 12.528211 1
79 1 49 4 12.328628 1
79 1 212 5 12.2350445 1
80 1 544 1 14.931681 1
80 1 792 2 11.304562 1
80 1 1335 3 10.313633 1
80 1 878 4 10.136005 1
80 1 640 5 10.026564 1
81 1 799 1 11.070104 1
81 1 1248 2 9.67993 1
81 1 1354 3 7.364862 1
81 1 1188 4 6.9946632 1
81 1 714 5 6.840189 1
82 1 677 1 15.407352 1
82 1 315 2 15.372575 1
82 1 1339 3 15.066623 1
82 1 676 4 12.374781 1
82 1 1246 5 12.032568 1
83 1 792 1 8.593011 1
83 1 603 2 6.7183084 1
83 1 1248 3 6.4694915 1
83 1 187 4 6.3986464 1
83 1 798 5 6.0226927 1
84 1 1264 1 12.611241 1
84 1 873 2 12.168481 1
84 1 522 3 11.883328 1
84 1 24 4 11.769079 1
84 1 101 5 11.750954 1
85 1 84 1 13.909742 1
85 1 610 2 12.393207 1
85 1 792 3 12.359235 1
85 1 798 4 11.757119 1
85 1 1154 5 11.329388 1
86 1 755 1 18.646513 1
86 1 874 2 11.041051 1
86 1 1155 3 10.932553 1
86 1 600 4 9.732626 1
86 1 1290 5 9.6768 1
87 1 572 1 16.850773 1
87 1 797 2 13.649685 1
87 1 792 3 13.247505 1
87 1 2 4 12.952725 1
87 1 1309 5 12.762708 1
88 1 548 1 24.624207 1
88 1 622 2 23.544355 1
88 1 613 3 20.66454 1
88 1 617 4 20.474356 1
88 1 616 5 19.647442 1
89 1 794 1 15.726759 1
89 1 793 2 15.382387 1
89 1 797 3 14.513015 1
89 1 921 4 14.343961 1
89 1 315 5 13.874957 1
90 1 265 1 8.851507 1
90 1 1187 2 8.181681 1
90 1 416 3 7.809614 1
90 1 798 4 6.8001075 1
90 1 1281 5 6.7530313 1
91 1 252 1 10.645775 1
91 1 799 2 10.046816 1
91 1 431 3 9.621125 1
91 1 315 4 8.963487 1
91 1 316 5 7.800364 1
92 1 1247 1 17.169933 1
92 1 810 2 16.950172 1
92 1 683 3 16.881954 1
92 1 1252 4 16.247078 1
92 1 1147 5 15.850183 1
93 1 635 1 18.478209 1
93 1 1204 2 10.42867 1
93 1 691 3 9.32889 1
93 1 484 4 9.119926 1
93 1 68 5 9.090439 1
94 1 662 1 14.187676 1
94 1 329 2 14.18063 1
94 1 1393 3 12.731705 1
94 1 983 4 12.143359 1
94 1 283 5 11.849641 1
95 1 662 1 11.419355 1
95 1 101 2 10.93407 1
95 1 36 3 9.6620035 1
95 1 1002 4 9.468627 1
95 1 689 5 8.497385 1
96 1 637 1 15.834852 1
96 1 1339 2 9.15534 1
96 1 1289 3 9.103112 1
96 1 147 4 8.438053 1
96 1 712 5 8.068594 1
97 1 792 1 10.51161 1
97 1 36 2 8.770421 1
97 1 798 3 8.678773 1
97 1 1214 4 7.987167 1
97 1 824 5 7.3260417 1
98 1 638 1 15.71997 1
98 1 315 2 15.17333 1
98 1 673 3 11.748251 1
98 1 521 4 11.332529 1
98 1 371 5 11.15688 1
99 1 962 1 18.161924 1
99 1 42 2 17.945251 1
99 1 1313 3 15.522729 1
99 1 828 4 14.376473 1
99 1 1203 5 14.083991 1
100 1 822 1 20.909266 1
100 1 1122 2 19.744215 1
100 1 739 3 18.238636 1
100 1 760 4 17.823261 1
100 1 1126 5 17.62869 1
101 1 826 1 11.87368 1
101 1 825 2 11.638563 1
101 1 1119 3 10.118614 1
101 1 760 4 9.944316 1
101 1 823 5 8.856528 1
102 1 910 1 8.0114 1
102 1 1007 2 7.653112 1
102 1 798 3 6.9546537 1
102 1 576 4 6.954003 1
102 1 416 5 6.5901093 1
103 1 761 1 9.6229725 1
103 1 329 2 6.729999 1
103 1 1127 3 6.6653004 1
103 1 1214 4 6.621736 1
103 1 798 5 6.4263577 1
104 1 762 1 17.883244 1
104 1 1024 2 15.353688 1
104 1 1035 3 11.36376 1
104 1 325 4 11.172017 1
104 1 933 5 11.0582075 1
105 1 764 1 13.73 1
105 1 848 2 10.069674 1
105 1 1068 3 9.203518 1
105 1 262 4 8.430873 1
105 1 173 5 8.198988 1
106 1 42 1 6.5129066 1
106 1 764 2 6.4730177 1
106 1 844 3 5.2138395 1
106 1 846 4 5.210511 1
106 1 1339 5 5.0445933 1
107 1 640 1 20.421335 1
107 1 29 2 15.336528 1
107 1 909 3 12.512296 1
107 1 658 4 12.1931305 1
107 1 202 5 12.112638 1
108 1 75 1 12.313789 1
108 1 721 2 11.340116 1
108 1 720 3 11.30857 1
108 1 881 4 9.948106 1
108 1 724 5 9.73621 1
109 1 711 1 8.131469 1
109 1 859 2 8.024729 1
109 1 627 3 7.8056984 1
109 1 391 4 7.7631474 1
109 1 29 5 7.451467 1
110 1 245 1 10.814119 1
110 1 1387 2 10.468529 1
110 1 1117 3 10.366356 1
110 1 89 4 10.19936 1
110 1 889 5 9.590402 1
111 1 894 1 17.804195 1
111 1 857 2 11.470169 1
111 1 658 3 11.13939 1
111 1 1392 4 10.649584 1
111 1 442 5 10.03943 1
112 1 641 1 26.442741 1
112 1 730 2 18.157827 1
112 1 734 3 13.021602 1
112 1 826 4 12.383944 1
112 1 736 5 12.083636 1
113 1 685 1 13.383551 1
113 1 704 2 12.486911 1
113 1 792 3 11.6284 1
113 1 14 4 11.265535 1
113 1 815 5 10.797938 1
114 1 315 1 24.731482 1
114 1 433 2 19.863092 1
114 1 895 3 19.33575 1
114 1 1239 4 18.657106 1
114 1 704 5 18.626707 1
115 1 782 1 10.912606 1
115 1 1274 2 8.900511 1
115 1 13 3 8.769902 1
115 1 540 4 8.654884 1
115 1 89 5 8.434085 1
116 1 272 1 11.129927 1
116 1 423 2 9.532522 1
116 1 1351 3 8.408886 1
116 1 1202 4 8.032428 1
116 1 947 5 7.711195 1
117 1 927 1 14.398521 1
117 1 122 2 12.7690525 1
117 1 1304 3 11.288262 1
117 1 688 4 10.920107 1
117 1 282 5 10.821351 1
118 1 229 1 10.156251 1
118 1 1092 2 10.116463 1
118 1 924 3 9.600936 1
118 1 230 4 8.869498 1
118 1 1062 5 8.260084 1
119 1 928 1 16.581966 1
119 1 1068 2 11.565489 1
119 1 1034 3 10.68012 1
119 1 897 4 9.262375 1
119 1 266 5 8.629263 1
120 1 887 1 15.613753 1
120 1 890 2 14.59127 1
120 1 769 3 14.435113 1
120 1 1145 4 14.275407 1
120 1 826 5 13.041382 1
121 1 888 1 12.650739 1
121 1 890 2 12.016585 1
121 1 887 3 10.904456 1
121 1 826 4 10.508459 1
121 1 769 5 10.413393 1
122 1 1268 1 14.245375 1
122 1 828 2 12.991753 1
122 1 1068 3 12.731017 1
122 1 315 4 11.821196 1
122 1 78 5 10.632663 1
123 1 1360 1 13.342976 1
123 1 244 2 12.943668 1
123 1 798 3 12.731448 1
123 1 740 4 9.475243 1
123 1 375 5 9.243908 1
124 1 792 1 21.869337 1
124 1 828 2 20.165426 1
124 1 1268 3 19.004782 1
124 1 1068 4 18.253525 1
124 1 1274 5 17.726604 1
125 1 997 1 8.8890505 1
125 1 993 2 8.074684 1
125 1 696 3 7.442708 1
125 1 1074 4 7.1734533 1
125 1 188 5 7.097699 1
126 1 1326 1 15.263683 1
126 1 974 2 15.247627 1
126 1 773 3 11.836628 1
126 1 1288 4 11.703417 1
126 1 1095 5 8.551763 1
127 1 869 1 13.253871 1
127 1 606 2 12.255572 1
127 1 1375 3 12.071233 1
127 1 1392 4 11.185624 1
127 1 981 5 10.317724 1
128 1 945 1 8.926694 1
128 1 762 2 8.611321 1
128 1 989 3 7.8392496 1
128 1 1246 4 7.6834345 1
128 1 1043 5 7.6576457 1
129 1 945 1 14.602751 1
129 1 989 2 14.4245205 1
129 1 988 3 13.200474 1
129 1 73 4 12.952022 1
129 1 985 5 9.59481 1
130 1 859 1 25.249292 1
130 1 729 2 12.376306 1
130 1 29 3 11.699167 1
130 1 5 4 11.445978 1
130 1 391 5 10.864355 1
131 1 1021 1 14.309666 1
131 1 950 2 13.810286 1
131 1 927 3 12.091775 1
131 1 1313 4 11.621179 1
131 1 1066 5 11.1418 1
132 1 1017 1 7.4033823 1
132 1 1021 2 6.9106236 1
132 1 830 3 5.9818616 1
132 1 743 4 5.981733 1
132 1 1013 5 5.8980803 1
133 1 951 1 6.901291 1
133 1 1028 2 6.8530397 1
133 1 1019 3 6.6709 1
133 1 856 4 6.4159856 1
133 1 1016 5 6.115265 1
134 1 1012 1 12.944211 1
134 1 640 2 11.874068 1
134 1 1015 3 10.076824 1
134 1 1244 4 9.730024 1
134 1 1017 5 9.595842 1
135 1 1019 1 11.496367 1
135 1 1013 2 10.512039 1
135 1 1028 3 10.399098 1
135 1 951 4 10.37921 1
135 1 1016 5 10.378097 1
136 1 140 1 10.277595 1
136 1 951 2 9.5417795 1
136 1 829 3 8.613503 1
136 1 893 4 8.126063 1
136 1 550 5 7.606577 1
137 1 952 1 40.28217 1
137 1 1035 2 16.750671 1
137 1 1034 3 16.513195 1
137 1 1025 4 16.196762 1
137 1 1026 5 15.567148 1
138 1 764 1 11.293794 1
138 1 928 2 10.9282675 1
138 1 740 3 10.696392 1
138 1 846 4 10.283143 1
138 1 129 5 10.084459 1
139 1 826 1 13.719003 1
139 1 1122 2 12.227997 1
139 1 764 3 12.207361 1
139 1 1172 4 11.583464 1
139 1 844 5 11.404696 1
140 1 954 1 12.326006 1
140 1 1038 2 9.368784 1
140 1 329 3 7.935009 1
140 1 890 4 7.545607 1
140 1 828 5 6.8233786 1
141 1 1043 1 7.1870637 1
141 1 124 2 7.1790185 1
141 1 329 3 7.0633135 1
141 1 828 4 7.057728 1
141 1 792 5 6.653169 1
142 1 954 1 12.204271 1
142 1 329 2 11.684557 1
142 1 890 3 10.635664 1
142 1 1125 4 9.629313 1
142 1 828 5 9.229602 1
143 1 1051 1 11.652907 1
143 1 828 2 11.231253 1
143 1 1043 3 10.927299 1
143 1 1137 4 9.940435 1
143 1 329 5 8.6701355 1
144 1 928 1 19.784685 1
144 1 839 2 18.094772 1
144 1 763 3 16.960665 1
144 1 1045 4 15.494128 1
144 1 955 5 14.239635 1
145 1 1051 1 16.276443 1
145 1 839 2 12.800391 1
145 1 1045 3 12.15095 1
145 1 42 4 10.642935 1
145 1 1047 5 10.623642 1
146 1 928 1 13.187584 1
146 1 1175 2 11.79613 1
146 1 730 3 10.93095 1
146 1 1045 4 10.039416 1
146 1 1134 5 9.739133 1
147 1 956 1 14.40316 1
147 1 1050 2 10.44109 1
147 1 1248 3 10.06931 1
147 1 1119 4 9.451636 1
147 1 889 5 9.078679 1
148 1 956 1 12.634229 1
148 1 826 2 11.913193 1
148 1 1048 3 11.731168 1
148 1 739 4 11.1992655 1
148 1 1126 5 10.716533 1
149 1 1051 1 13.487129 1
149 1 928 2 8.739465 1
149 1 1343 3 8.731542 1
149 1 423 4 7.755996 1
149 1 685 5 7.7376647 1
150 1 1202 1 12.133558 1
150 1 1075 2 11.788854 1
150 1 1062 3 10.947615 1
150 1 1248 4 8.996139 1
150 1 1300 5 8.557204 1
151 1 433 1 10.056891 1
151 1 1248 2 9.281846 1
151 1 225 3 8.455848 1
151 1 101 4 8.423323 1
151 1 783 5 8.348094 1
152 1 42 1 13.440683 1
152 1 94 2 13.379091 1
152 1 1225 3 9.964281 1
152 1 1362 4 9.845927 1
152 1 792 5 9.3474045 1
153 1 329 1 8.551909 1
153 1 349 2 8.262057 1
153 1 364 3 8.228816 1
153 1 1391 4 7.8917255 1
153 1 943 5 7.154032 1
154 1 111 1 13.078103 1
154 1 1088 2 12.715133 1
154 1 827 3 10.792904 1
154 1 1086 4 10.284957 1
154 1 916 5 8.6176815 1
155 1 804 1 10.822934 1
155 1 1101 2 9.334801 1
155 1 806 3 7.032566 1
155 1 781 4 6.784036 1
155 1 82 5 6.395143 1
156 1 1040 1 7.4372606 1
156 1 1072 2 7.321663 1
156 1 204 3 7.164846 1
156 1 191 4 6.9630036 1
156 1 1250 5 6.9615555 1
157 1 556 1 12.499388 1
157 1 1356 2 12.287569 1
157 1 576 3 12.164215 1
157 1 781 4 12.065752 1
157 1 1082 5 11.018811 1
158 1 262 1 11.94351 1
158 1 302 2 9.083087 1
158 1 1072 3 6.5394483 1
158 1 14 4 6.527577 1
158 1 1269 5 6.4733825 1
159 1 1066 1 18.099737 1
159 1 1259 2 11.688378 1
159 1 25 3 11.083787 1
159 1 272 4 9.8698015 1
159 1 792 5 9.790843 1
160 1 1071 1 24.657463 1
160 1 889 2 24.16449 1
160 1 890 3 23.656372 1
160 1 740 4 23.25504 1
160 1 769 5 22.67623 1
161 1 1386 1 27.759851 1
161 1 329 2 19.766777 1
161 1 364 3 18.54874 1
161 1 1185 4 17.397396 1
161 1 54 5 16.535505 1
162 1 94 1 16.210014 1
162 1 364 2 15.47142 1
162 1 1386 3 14.686225 1
162 1 62 4 14.545214 1
162 1 477 5 14.545113 1
163 1 56 1 17.85374 1
163 1 492 2 17.682743 1
163 1 124 3 16.990236 1
163 1 1040 4 14.949175 1
163 1 232 5 14.596139 1
164 1 311 1 10.149225 1
164 1 416 2 7.822977 1
164 1 798 3 6.3384957 1
164 1 1187 4 6.301076 1
164 1 797 5 6.242777 1
165 1 504 1 13.321041 1
165 1 569 2 11.522963 1
165 1 1375 3 10.631598 1
165 1 71 4 10.051392 1
165 1 1268 5 9.823965 1
166 1 504 1 13.465182 1
166 1 334 2 11.316907 1
166 1 209 3 10.914421 1
166 1 569 4 10.250909 1
166 1 1303 5 9.458739 1
167 1 553 1 10.119745 1
167 1 1248 2 9.466472 1
167 1 329 3 9.191837 1
167 1 274 4 9.085474 1
167 1 364 5 8.9841585 1
168 1 1248 1 11.274355 1
168 1 118 2 10.101199 1
168 1 157 3 9.712271 1
168 1 965 4 8.955062 1
168 1 1375 5 8.684521 1
169 1 157 1 14.146143 1
169 1 965 2 13.050151 1
169 1 118 3 12.822535 1
169 1 341 4 12.008965 1
169 1 217 5 11.947849 1
170 1 315 1 19.602062 1
170 1 1040 2 14.661536 1
170 1 187 3 13.43325 1
170 1 189 4 12.364341 1
170 1 272 5 12.305935 1
171 1 431 1 15.9472885 1
171 1 757 2 13.104534 1
171 1 1000 3 12.162704 1
171 1 808 4 11.754365 1
171 1 755 5 11.680628 1
172 1 527 1 15.291196 1
172 1 476 2 12.676868 1
172 1 1235 3 9.847932 1
172 1 320 4 9.050848 1
172 1 1370 5 8.52861 1
173 1 451 1 11.512664 1
173 1 532 2 8.922575 1
173 1 338 3 7.0640106 1
173 1 703 4 6.7280164 1
173 1 1392 5 6.3871255 1
174 1 1319 1 8.839982 1
174 1 1274 2 8.817201 1
174 1 160 3 8.4181 1
174 1 329 4 8.182389 1
174 1 201 5 8.017257 1
175 1 941 1 9.7731905 1
175 1 139 2 9.561793 1
175 1 351 3 8.617087 1
175 1 315 4 8.221344 1
175 1 1082 5 8.053779 1
176 1 542 1 14.341537 1
176 1 1375 2 11.8179035 1
176 1 767 3 10.800762 1
176 1 869 4 10.564028 1
176 1 586 5 9.960073 1
177 1 1248 1 9.457351 1
177 1 262 2 8.532882 1
177 1 42 3 8.371218 1
177 1 213 4 8.08576 1
177 1 1034 5 7.691928 1
178 1 73 1 9.223397 1
178 1 1183 2 7.7093453 1
178 1 827 3 6.690887 1
178 1 1171 4 6.2772007 1
178 1 270 5 6.111073 1
179 1 49 1 18.385351 1
179 1 826 2 16.833677 1
179 1 94 3 15.08548 1
179 1 675 4 14.952908 1
179 1 212 5 14.543716 1
180 1 1391 1 12.294335 1
180 1 548 2 11.326159 1
180 1 622 3 11.109313 1
180 1 315 4 10.511576 1
180 1 614 5 10.440998 1
181 1 993 1 7.3931236 1
181 1 997 2 7.3905177 1
181 1 696 3 6.7295723 1
181 1 695 4 6.2114263 1
181 1 1350 5 5.9943447 1
182 1 634 1 21.883133 1
182 1 685 2 19.93445 1
182 1 1218 3 15.344044 1
182 1 193 4 14.579322 1
182 1 701 5 14.1578665 1
183 1 199 1 11.818657 1
183 1 893 2 10.55202 1
183 1 997 3 10.463333 1
183 1 1313 4 10.399416 1
183 1 1068 5 10.102667 1
184 1 599 1 4.275728 1
184 1 82 2 4.1597223 1
184 1 813 3 4.0854783 1
184 1 815 4 4.041276 1
184 1 1217 5 4.041276 1
185 1 856 1 11.703452 1
185 1 857 2 11.117279 1
185 1 858 3 8.529662 1
185 1 766 4 8.320219 1
185 1 390 5 8.2411 1
186 1 1239 1 12.52038 1
186 1 1243 2 11.847789 1
186 1 1062 3 10.399209 1
186 1 230 4 9.595464 1
186 1 1075 5 8.740239 1
187 1 826 1 11.974639 1
187 1 658 2 11.149096 1
187 1 827 3 10.151626 1
187 1 147 4 9.189765 1
187 1 1263 5 9.081095 1
188 1 640 1 17.263748 1
188 1 725 2 13.69239 1
188 1 729 3 12.44445 1
188 1 1360 4 11.464214 1
188 1 220 5 10.925151 1
189 1 767 1 15.5604105 1
189 1 1362 2 10.8006935 1
189 1 712 3 10.253773 1
189 1 640 4 9.701626 1
189 1 980 5 9.623253 1
190 1 390 1 22.082632 1
190 1 42 2 18.519754 1
190 1 14 3 18.394743 1
190 1 15 4 17.163591 1
190 1 1322 5 16.055 1
191 1 209 1 11.208231 1
191 1 541 2 9.395775 1
191 1 73 3 9.029461 1
191 1 720 4 8.896123 1
191 1 1339 5 8.864471 1
192 1 641 1 11.976201 1
192 1 875 2 7.977814 1
192 1 735 3 7.4713035 1
192 1 734 4 7.068006 1
192 1 647 5 7.036818 1
193 1 730 1 9.629043 1
193 1 733 2 9.255738 1
193 1 422 3 8.674603 1
193 1 734 4 8.190959 1
193 1 1392 5 7.648401 1
194 1 642 1 15.941523 1
194 1 740 2 15.926463 1
194 1 744 3 14.888859 1
194 1 741 4 13.920891 1
194 1 1122 5 13.882143 1
195 1 642 1 15.730342 1
195 1 1122 2 15.1385765 1
195 1 831 3 13.694136 1
195 1 1172 4 12.818176 1
195 1 827 5 12.709503 1
196 1 966 1 10.469873 1
196 1 442 2 9.39634 1
196 1 1319 3 9.269974 1
196 1 1274 4 9.250408 1
196 1 1281 5 9.240235 1
197 1 723 1 12.001559 1
197 1 881 2 10.90013 1
197 1 884 3 10.0223465 1
197 1 1268 4 8.473116 1
197 1 768 5 8.338354 1
198 1 889 1 12.467967 1
198 1 826 2 12.429277 1
198 1 798 3 12.289302 1
198 1 906 4 11.082147 1
198 1 1040 5 10.545441 1
199 1 1059 1 12.173487 1
199 1 739 2 10.862054 1
199 1 520 3 8.768946 1
199 1 401 4 8.202404 1
199 1 827 5 7.790035 1
200 1 1134 1 15.397486 1
200 1 329 2 12.256874 1
200 1 851 3 12.009091 1
200 1 1137 4 11.908947 1
200 1 1184 5 11.60918 1
201 1 625 1 15.587615 1
201 1 1296 2 12.892266 1
201 1 541 3 11.178015 1
201 1 401 4 10.106373 1
201 1 576 5 9.766984 1
202 1 232 1 13.047375 1
202 1 1310 2 11.839706 1
202 1 1274 3 11.545389 1
202 1 1300 4 10.553472 1
202 1 1285 5 10.510463 1
203 1 927 1 11.367021 1
203 1 656 2 9.44257 1
203 1 122 3 8.006694 1
203 1 575 4 7.4873576 1
203 1 225 5 7.4298024 1
204 1 927 1 6.8468065 1
204 1 1229 2 6.711863 1
204 1 573 3 6.6753902 1
204 1 94 4 6.5176706 1
204 1 371 5 6.511941 1
205 1 131 1 13.497608 1
205 1 315 2 10.316311 1
205 1 827 3 10.121486 1
205 1 1323 4 9.617311 1
205 1 962 5 9.431579 1
206 1 1338 1 16.387152 1
206 1 1290 2 15.670509 1
206 1 315 3 15.561462 1
206 1 371 4 13.962053 1
206 1 572 5 11.706659 1
207 1 89 1 10.418815 1
207 1 39 2 10.305059 1
207 1 315 3 9.912557 1
207 1 859 4 9.6849785 1
207 1 819 5 7.891033 1
208 1 1291 1 23.815056 1
208 1 1344 2 18.961973 1
208 1 815 3 13.697129 1
208 1 1345 4 12.006621 1
208 1 163 5 11.9703455 1
209 1 959 1 12.42293 1
209 1 417 2 11.154053 1
209 1 458 3 8.733931 1
209 1 1268 4 8.733817 1
209 1 792 5 8.360682 1
210 1 1172 1 14.87395 1
210 1 743 2 12.994892 1
210 1 889 3 11.509102 1
210 1 1122 4 11.460401 1
210 1 1117 5 10.762852 1
211 1 926 1 10.391349 1
211 1 739 2 9.68119 1
211 1 1125 3 9.017094 1
211 1 1070 4 8.2239685 1
211 1 28 5 7.3400755 1
212 1 1178 1 12.283064 1
212 1 888 2 12.197092 1
212 1 1177 3 11.146338 1
212 1 580 4 10.334171 1
212 1 838 5 8.809498 1
213 1 1173 1 12.663446 1
213 1 888 2 11.196008 1
213 1 885 3 10.61501 1
213 1 741 4 10.368062 1
213 1 887 5 10.240507 1
214 1 1294 1 18.428328 1
214 1 739 2 12.026644 1
214 1 1059 3 11.413835 1
214 1 828 4 10.941958 1
214 1 1362 5 10.917561 1
215 1 25 1 16.141386 1
215 1 535 2 13.9348 1
215 1 1198 3 13.753538 1
215 1 1205 4 13.660297 1
215 1 574 5 12.870955 1
216 1 1313 1 13.476636 1
216 1 1040 2 11.961722 1
216 1 344 3 11.945697 1
216 1 828 4 11.735732 1
216 1 1248 5 11.428828 1
217 1 329 1 12.7565 1
217 1 44 2 12.314123 1
217 1 334 3 10.871265 1
217 1 1204 4 10.799314 1
217 1 1151 5 10.49661 1
218 1 329 1 11.092122 1
218 1 36 2 11.033654 1
218 1 1147 3 9.70579 1
218 1 1204 4 9.525731 1
218 1 666 5 8.202127 1
219 1 25 1 11.770805 1
219 1 1072 2 10.372822 1
219 1 993 3 10.1852 1
219 1 456 4 9.791898 1
219 1 329 5 8.784393 1
220 1 1192 1 12.909136 1
220 1 1268 2 12.126763 1
220 1 540 3 11.728424 1
220 1 458 4 11.507932 1
220 1 1149 5 10.226932 1
221 1 962 1 11.499489 1
221 1 49 2 10.486227 1
221 1 388 3 10.423863 1
221 1 1386 4 10.154685 1
221 1 1261 5 9.880442 1
222 1 1130 1 11.948733 1
222 1 1399 2 10.82403 1
222 1 826 3 8.7345495 1
222 1 820 4 8.6732 1
222 1 400 5 7.4712315 1
223 1 1399 1 13.559019 1
223 1 400 2 12.950543 1
223 1 1387 3 12.453258 1
223 1 1119 4 11.954077 1
223 1 826 5 11.952353 1
224 1 315 1 14.469965 1
224 1 1316 2 12.367832 1
224 1 576 3 11.12517 1
224 1 656 4 11.07284 1
224 1 575 5 11.03494 1
225 1 1188 1 17.005934 1
225 1 1380 2 15.072132 1
225 1 792 3 11.710246 1
225 1 798 4 11.626899 1
225 1 1345 5 10.964753 1
